% Semenov iron-poor silicate model
%                    rho = 10^-16.1              rho = 10^-12.5 
%     T         Planck avg   Rosseland avg    Planck        Rosseland
     10.0000    0.165914E+00  0.783125E-01   0.165914E+00    0.783125E-01
     10.0693    0.168121E+00  0.788013E-01   0.168121E+00    0.788013E-01
     10.1391    0.170360E+00  0.792957E-01   0.170360E+00    0.792957E-01
     10.2094    0.172632E+00  0.797957E-01   0.172632E+00    0.797957E-01
     10.2802    0.174938E+00  0.803013E-01   0.174938E+00    0.803013E-01
     10.3514    0.177277E+00  0.808126E-01   0.177277E+00    0.808126E-01
     10.4232    0.179650E+00  0.813297E-01   0.179650E+00    0.813297E-01
     10.4954    0.182058E+00  0.818527E-01   0.182058E+00    0.818527E-01
     10.5682    0.184502E+00  0.823817E-01   0.184502E+00    0.823817E-01
     10.6414    0.186981E+00  0.829167E-01   0.186981E+00    0.829167E-01
     10.7152    0.189496E+00  0.834578E-01   0.189496E+00    0.834578E-01
     10.7895    0.192047E+00  0.840052E-01   0.192047E+00    0.840052E-01
     10.8642    0.194636E+00  0.845589E-01   0.194636E+00    0.845589E-01
     10.9395    0.197263E+00  0.851190E-01   0.197263E+00    0.851190E-01
     11.0154    0.199927E+00  0.856856E-01   0.199927E+00    0.856856E-01
     11.0917    0.202630E+00  0.862588E-01   0.202630E+00    0.862588E-01
     11.1686    0.205373E+00  0.868386E-01   0.205373E+00    0.868386E-01
     11.2460    0.208155E+00  0.874253E-01   0.208155E+00    0.874253E-01
     11.3240    0.210977E+00  0.880188E-01   0.210977E+00    0.880188E-01
     11.4025    0.213841E+00  0.886193E-01   0.213841E+00    0.886193E-01
     11.4815    0.216745E+00  0.892269E-01   0.216745E+00    0.892269E-01
     11.5611    0.219691E+00  0.898417E-01   0.219691E+00    0.898417E-01
     11.6412    0.222680E+00  0.904637E-01   0.222680E+00    0.904637E-01
     11.7219    0.225712E+00  0.910932E-01   0.225712E+00    0.910932E-01
     11.8032    0.228788E+00  0.917301E-01   0.228788E+00    0.917301E-01
     11.8850    0.231907E+00  0.923747E-01   0.231907E+00    0.923747E-01
     11.9674    0.235072E+00  0.930269E-01   0.235072E+00    0.930269E-01
     12.0503    0.238282E+00  0.936871E-01   0.238282E+00    0.936871E-01
     12.1339    0.241538E+00  0.943551E-01   0.241538E+00    0.943551E-01
     12.2180    0.244840E+00  0.950313E-01   0.244840E+00    0.950313E-01
     12.3027    0.248190E+00  0.957156E-01   0.248190E+00    0.957156E-01
     12.3879    0.251588E+00  0.964082E-01   0.251588E+00    0.964082E-01
     12.4738    0.255034E+00  0.971093E-01   0.255034E+00    0.971093E-01
     12.5603    0.258529E+00  0.978190E-01   0.258529E+00    0.978190E-01
     12.6473    0.262074E+00  0.985373E-01   0.262074E+00    0.985373E-01
     12.7350    0.265670E+00  0.992644E-01   0.265670E+00    0.992644E-01
     12.8233    0.269316E+00  0.100001E+00   0.269316E+00    0.100001E+00
     12.9121    0.273015E+00  0.100746E+00   0.273015E+00    0.100746E+00
     13.0016    0.276766E+00  0.101500E+00   0.276766E+00    0.101500E+00
     13.0918    0.280570E+00  0.102264E+00   0.280570E+00    0.102264E+00
     13.1825    0.284428E+00  0.103037E+00   0.284428E+00    0.103037E+00
     13.2739    0.288341E+00  0.103820E+00   0.288341E+00    0.103820E+00
     13.3659    0.292309E+00  0.104613E+00   0.292309E+00    0.104613E+00
     13.4585    0.296333E+00  0.105415E+00   0.296333E+00    0.105415E+00
     13.5518    0.300414E+00  0.106228E+00   0.300414E+00    0.106228E+00
     13.6458    0.304553E+00  0.107051E+00   0.304553E+00    0.107051E+00
     13.7404    0.308750E+00  0.107884E+00   0.308750E+00    0.107884E+00
     13.8356    0.313006E+00  0.108728E+00   0.313006E+00    0.108728E+00
     13.9315    0.317322E+00  0.109583E+00   0.317322E+00    0.109583E+00
     14.0281    0.321699E+00  0.110449E+00   0.321699E+00    0.110449E+00
     14.1253    0.326137E+00  0.111325E+00   0.326137E+00    0.111325E+00
     14.2232    0.330637E+00  0.112213E+00   0.330637E+00    0.112213E+00
     14.3218    0.335201E+00  0.113112E+00   0.335201E+00    0.113112E+00
     14.4211    0.339828E+00  0.114023E+00   0.339828E+00    0.114023E+00
     14.5210    0.344520E+00  0.114946E+00   0.344520E+00    0.114946E+00
     14.6217    0.349278E+00  0.115880E+00   0.349278E+00    0.115880E+00
     14.7230    0.354102E+00  0.116827E+00   0.354102E+00    0.116827E+00
     14.8251    0.358994E+00  0.117786E+00   0.358994E+00    0.117786E+00
     14.9279    0.363954E+00  0.118757E+00   0.363954E+00    0.118757E+00
     15.0313    0.368983E+00  0.119741E+00   0.368983E+00    0.119741E+00
     15.1355    0.374082E+00  0.120738E+00   0.374082E+00    0.120738E+00
     15.2404    0.379251E+00  0.121748E+00   0.379251E+00    0.121748E+00
     15.3461    0.384493E+00  0.122772E+00   0.384493E+00    0.122772E+00
     15.4524    0.389807E+00  0.123808E+00   0.389807E+00    0.123808E+00
     15.5596    0.395195E+00  0.124859E+00   0.395195E+00    0.124859E+00
     15.6674    0.400658E+00  0.125924E+00   0.400658E+00    0.125924E+00
     15.7760    0.406197E+00  0.127002E+00   0.406197E+00    0.127002E+00
     15.8854    0.411812E+00  0.128095E+00   0.411812E+00    0.128095E+00
     15.9955    0.417504E+00  0.129203E+00   0.417504E+00    0.129203E+00
     16.1063    0.423275E+00  0.130326E+00   0.423275E+00    0.130326E+00
     16.2180    0.429126E+00  0.131463E+00   0.429126E+00    0.131463E+00
     16.3304    0.435057E+00  0.132616E+00   0.435057E+00    0.132616E+00
     16.4436    0.441070E+00  0.133784E+00   0.441070E+00    0.133784E+00
     16.5576    0.447166E+00  0.134969E+00   0.447166E+00    0.134969E+00
     16.6723    0.453346E+00  0.136169E+00   0.453346E+00    0.136169E+00
     16.7879    0.459610E+00  0.137386E+00   0.459610E+00    0.137386E+00
     16.9043    0.465961E+00  0.138619E+00   0.465961E+00    0.138619E+00
     17.0215    0.472398E+00  0.139869E+00   0.472398E+00    0.139869E+00
     17.1394    0.478923E+00  0.141136E+00   0.478923E+00    0.141136E+00
     17.2582    0.485538E+00  0.142420E+00   0.485538E+00    0.142420E+00
     17.3779    0.492243E+00  0.143723E+00   0.492243E+00    0.143723E+00
     17.4983    0.499040E+00  0.145043E+00   0.499040E+00    0.145043E+00
     17.6196    0.505930E+00  0.146381E+00   0.505930E+00    0.146381E+00
     17.7417    0.512913E+00  0.147738E+00   0.512913E+00    0.147738E+00
     17.8647    0.519992E+00  0.149113E+00   0.519992E+00    0.149113E+00
     17.9886    0.527166E+00  0.150508E+00   0.527166E+00    0.150508E+00
     18.1132    0.534439E+00  0.151922E+00   0.534439E+00    0.151922E+00
     18.2388    0.541810E+00  0.153356E+00   0.541810E+00    0.153356E+00
     18.3652    0.549281E+00  0.154810E+00   0.549281E+00    0.154810E+00
     18.4925    0.556853E+00  0.156285E+00   0.556853E+00    0.156285E+00
     18.6207    0.564528E+00  0.157780E+00   0.564528E+00    0.157780E+00
     18.7498    0.572307E+00  0.159296E+00   0.572307E+00    0.159296E+00
     18.8797    0.580190E+00  0.160834E+00   0.580190E+00    0.160834E+00
     19.0106    0.588181E+00  0.162393E+00   0.588181E+00    0.162393E+00
     19.1424    0.596279E+00  0.163975E+00   0.596279E+00    0.163975E+00
     19.2751    0.604486E+00  0.165579E+00   0.604486E+00    0.165579E+00
     19.4087    0.612804E+00  0.167205E+00   0.612804E+00    0.167205E+00
     19.5432    0.621233E+00  0.168855E+00   0.621233E+00    0.168855E+00
     19.6787    0.629776E+00  0.170529E+00   0.629776E+00    0.170529E+00
     19.8151    0.638434E+00  0.172226E+00   0.638434E+00    0.172226E+00
     19.9524    0.647207E+00  0.173948E+00   0.647207E+00    0.173948E+00
     20.0907    0.656098E+00  0.175695E+00   0.656098E+00    0.175695E+00
     20.2300    0.665109E+00  0.177467E+00   0.665109E+00    0.177467E+00
     20.3702    0.674239E+00  0.179264E+00   0.674239E+00    0.179264E+00
     20.5114    0.683492E+00  0.181088E+00   0.683492E+00    0.181088E+00
     20.6536    0.692868E+00  0.182937E+00   0.692868E+00    0.182937E+00
     20.7967    0.702369E+00  0.184814E+00   0.702369E+00    0.184814E+00
     20.9409    0.711997E+00  0.186718E+00   0.711997E+00    0.186718E+00
     21.0861    0.721753E+00  0.188650E+00   0.721753E+00    0.188650E+00
     21.2322    0.731638E+00  0.190610E+00   0.731638E+00    0.190610E+00
     21.3794    0.741655E+00  0.192599E+00   0.741655E+00    0.192599E+00
     21.5276    0.751805E+00  0.194616E+00   0.751805E+00    0.194616E+00
     21.6768    0.762089E+00  0.196664E+00   0.762089E+00    0.196664E+00
     21.8271    0.772510E+00  0.198742E+00   0.772510E+00    0.198742E+00
     21.9783    0.783068E+00  0.200850E+00   0.783068E+00    0.200850E+00
     22.1307    0.793765E+00  0.202989E+00   0.793765E+00    0.202989E+00
     22.2841    0.804604E+00  0.205160E+00   0.804604E+00    0.205160E+00
     22.4386    0.815586E+00  0.207364E+00   0.815586E+00    0.207364E+00
     22.5941    0.826712E+00  0.209600E+00   0.826712E+00    0.209600E+00
     22.7507    0.837985E+00  0.211869E+00   0.837985E+00    0.211869E+00
     22.9084    0.849406E+00  0.214172E+00   0.849406E+00    0.214172E+00
     23.0672    0.860977E+00  0.216509E+00   0.860977E+00    0.216509E+00
     23.2271    0.872700E+00  0.218882E+00   0.872700E+00    0.218882E+00
     23.3881    0.884576E+00  0.221290E+00   0.884576E+00    0.221290E+00
     23.5502    0.896608E+00  0.223734E+00   0.896608E+00    0.223734E+00
     23.7134    0.908797E+00  0.226215E+00   0.908797E+00    0.226215E+00
     23.8778    0.921145E+00  0.228733E+00   0.921145E+00    0.228733E+00
     24.0433    0.933654E+00  0.231289E+00   0.933654E+00    0.231289E+00
     24.2100    0.946326E+00  0.233884E+00   0.946326E+00    0.233884E+00
     24.3778    0.959163E+00  0.236518E+00   0.959163E+00    0.236518E+00
     24.5468    0.972167E+00  0.239192E+00   0.972167E+00    0.239192E+00
     24.7169    0.985340E+00  0.241906E+00   0.985340E+00    0.241906E+00
     24.8882    0.998684E+00  0.244662E+00   0.998684E+00    0.244662E+00
     25.0608    0.101220E+01  0.247459E+00   0.101220E+01    0.247459E+00
     25.2345    0.102589E+01  0.250300E+00   0.102589E+01    0.250300E+00
     25.4094    0.103976E+01  0.253183E+00   0.103976E+01    0.253183E+00
     25.5855    0.105381E+01  0.256111E+00   0.105381E+01    0.256111E+00
     25.7629    0.106804E+01  0.259083E+00   0.106804E+01    0.259083E+00
     25.9414    0.108245E+01  0.262102E+00   0.108245E+01    0.262102E+00
     26.1213    0.109705E+01  0.265166E+00   0.109705E+01    0.265166E+00
     26.3023    0.111183E+01  0.268278E+00   0.111183E+01    0.268278E+00
     26.4846    0.112681E+01  0.271437E+00   0.112681E+01    0.271437E+00
     26.6682    0.114198E+01  0.274645E+00   0.114198E+01    0.274645E+00
     26.8531    0.115734E+01  0.277903E+00   0.115734E+01    0.277903E+00
     27.0392    0.117289E+01  0.281211E+00   0.117289E+01    0.281211E+00
     27.2266    0.118865E+01  0.284570E+00   0.118865E+01    0.284570E+00
     27.4153    0.120461E+01  0.287981E+00   0.120461E+01    0.287981E+00
     27.6054    0.122077E+01  0.291446E+00   0.122077E+01    0.291446E+00
     27.7967    0.123714E+01  0.294964E+00   0.123714E+01    0.294964E+00
     27.9894    0.125371E+01  0.298537E+00   0.125371E+01    0.298537E+00
     28.1834    0.127050E+01  0.302165E+00   0.127050E+01    0.302165E+00
     28.3788    0.128750E+01  0.305850E+00   0.128750E+01    0.305850E+00
     28.5755    0.130471E+01  0.309593E+00   0.130471E+01    0.309593E+00
     28.7735    0.132214E+01  0.313394E+00   0.132214E+01    0.313394E+00
     28.9730    0.133979E+01  0.317254E+00   0.133979E+01    0.317254E+00
     29.1738    0.135767E+01  0.321176E+00   0.135767E+01    0.321176E+00
     29.3760    0.137577E+01  0.325158E+00   0.137577E+01    0.325158E+00
     29.5797    0.139409E+01  0.329203E+00   0.139409E+01    0.329203E+00
     29.7847    0.141265E+01  0.333312E+00   0.141265E+01    0.333312E+00
     29.9911    0.143144E+01  0.337485E+00   0.143144E+01    0.337485E+00
     30.1990    0.145047E+01  0.341724E+00   0.145047E+01    0.341724E+00
     30.4084    0.146973E+01  0.346030E+00   0.146973E+01    0.346030E+00
     30.6191    0.148924E+01  0.350404E+00   0.148924E+01    0.350404E+00
     30.8314    0.150898E+01  0.354847E+00   0.150898E+01    0.354847E+00
     31.0451    0.152898E+01  0.359361E+00   0.152898E+01    0.359361E+00
     31.2603    0.154922E+01  0.363946E+00   0.154922E+01    0.363946E+00
     31.4770    0.156972E+01  0.368603E+00   0.156972E+01    0.368603E+00
     31.6951    0.159047E+01  0.373334E+00   0.159047E+01    0.373334E+00
     31.9148    0.161147E+01  0.378141E+00   0.161147E+01    0.378141E+00
     32.1361    0.163274E+01  0.383024E+00   0.163274E+01    0.383024E+00
     32.3588    0.165427E+01  0.387984E+00   0.165427E+01    0.387984E+00
     32.5831    0.167606E+01  0.393023E+00   0.167606E+01    0.393023E+00
     32.8090    0.169813E+01  0.398143E+00   0.169813E+01    0.398143E+00
     33.0364    0.172046E+01  0.403344E+00   0.172046E+01    0.403344E+00
     33.2654    0.174307E+01  0.408629E+00   0.174307E+01    0.408629E+00
     33.4960    0.176596E+01  0.413997E+00   0.176596E+01    0.413997E+00
     33.7281    0.178912E+01  0.419452E+00   0.178912E+01    0.419452E+00
     33.9619    0.181257E+01  0.424994E+00   0.181257E+01    0.424994E+00
     34.1973    0.183631E+01  0.430624E+00   0.183631E+01    0.430624E+00
     34.4344    0.186034E+01  0.436345E+00   0.186034E+01    0.436345E+00
     34.6731    0.188465E+01  0.442157E+00   0.188465E+01    0.442157E+00
     34.9134    0.190927E+01  0.448062E+00   0.190927E+01    0.448062E+00
     35.1554    0.193418E+01  0.454063E+00   0.193418E+01    0.454063E+00
     35.3991    0.195939E+01  0.460159E+00   0.195939E+01    0.460159E+00
     35.6445    0.198491E+01  0.466354E+00   0.198491E+01    0.466354E+00
     35.8915    0.201074E+01  0.472648E+00   0.201074E+01    0.472648E+00
     36.1403    0.203688E+01  0.479043E+00   0.203688E+01    0.479043E+00
     36.3908    0.206333E+01  0.485542E+00   0.206333E+01    0.485542E+00
     36.6431    0.209010E+01  0.492145E+00   0.209010E+01    0.492145E+00
     36.8971    0.211719E+01  0.498854E+00   0.211719E+01    0.498854E+00
     37.1528    0.214461E+01  0.505671E+00   0.214461E+01    0.505671E+00
     37.4103    0.217235E+01  0.512599E+00   0.217235E+01    0.512599E+00
     37.6697    0.220043E+01  0.519638E+00   0.220043E+01    0.519638E+00
     37.9308    0.222884E+01  0.526791E+00   0.222884E+01    0.526791E+00
     38.1937    0.225758E+01  0.534059E+00   0.225758E+01    0.534059E+00
     38.4584    0.228667E+01  0.541445E+00   0.228667E+01    0.541445E+00
     38.7250    0.231610E+01  0.548950E+00   0.231610E+01    0.548950E+00
     38.9934    0.234588E+01  0.556577E+00   0.234588E+01    0.556577E+00
     39.2637    0.237601E+01  0.564327E+00   0.237601E+01    0.564327E+00
     39.5359    0.240650E+01  0.572202E+00   0.240650E+01    0.572202E+00
     39.8099    0.243734E+01  0.580205E+00   0.243734E+01    0.580205E+00
     40.0859    0.246855E+01  0.588337E+00   0.246855E+01    0.588337E+00
     40.3637    0.250012E+01  0.596601E+00   0.250012E+01    0.596601E+00
     40.6435    0.253206E+01  0.604998E+00   0.253206E+01    0.604998E+00
     40.9252    0.256437E+01  0.613532E+00   0.256437E+01    0.613532E+00
     41.2089    0.259706E+01  0.622204E+00   0.259706E+01    0.622204E+00
     41.4945    0.263013E+01  0.631017E+00   0.263013E+01    0.631017E+00
     41.7822    0.266358E+01  0.639972E+00   0.266358E+01    0.639972E+00
     42.0718    0.269742E+01  0.649073E+00   0.269742E+01    0.649073E+00
     42.3634    0.273165E+01  0.658321E+00   0.273165E+01    0.658321E+00
     42.6571    0.276627E+01  0.667719E+00   0.276627E+01    0.667719E+00
     42.9527    0.280129E+01  0.677270E+00   0.280129E+01    0.677270E+00
     43.2505    0.283672E+01  0.686975E+00   0.283672E+01    0.686975E+00
     43.5503    0.287254E+01  0.696838E+00   0.287254E+01    0.696838E+00
     43.8521    0.290878E+01  0.706861E+00   0.290878E+01    0.706861E+00
     44.1561    0.294543E+01  0.717046E+00   0.294543E+01    0.717046E+00
     44.4622    0.298250E+01  0.727396E+00   0.298250E+01    0.727396E+00
     44.7704    0.301999E+01  0.737915E+00   0.301999E+01    0.737915E+00
     45.0807    0.305790E+01  0.748604E+00   0.305790E+01    0.748604E+00
     45.3932    0.309624E+01  0.759466E+00   0.309624E+01    0.759466E+00
     45.7078    0.313501E+01  0.770504E+00   0.313501E+01    0.770504E+00
     46.0246    0.317422E+01  0.781722E+00   0.317422E+01    0.781722E+00
     46.3437    0.321386E+01  0.793121E+00   0.321386E+01    0.793121E+00
     46.6649    0.325395E+01  0.804705E+00   0.325395E+01    0.804705E+00
     46.9884    0.329449E+01  0.816476E+00   0.329449E+01    0.816476E+00
     47.3141    0.333548E+01  0.828439E+00   0.333548E+01    0.828439E+00
     47.6420    0.337692E+01  0.840595E+00   0.337692E+01    0.840595E+00
     47.9723    0.341882E+01  0.852948E+00   0.341882E+01    0.852948E+00
     48.3048    0.346119E+01  0.865501E+00   0.346119E+01    0.865501E+00
     48.6396    0.350402E+01  0.878257E+00   0.350402E+01    0.878257E+00
     48.9768    0.354732E+01  0.891219E+00   0.354732E+01    0.891219E+00
     49.3162    0.359109E+01  0.904391E+00   0.359109E+01    0.904391E+00
     49.6581    0.363535E+01  0.917776E+00   0.363535E+01    0.917776E+00
     50.0023    0.368008E+01  0.931378E+00   0.368008E+01    0.931378E+00
     50.3489    0.372531E+01  0.945199E+00   0.372531E+01    0.945199E+00
     50.6979    0.377102E+01  0.959243E+00   0.377102E+01    0.959243E+00
     51.0493    0.381722E+01  0.973514E+00   0.381722E+01    0.973514E+00
     51.4031    0.386393E+01  0.988015E+00   0.386393E+01    0.988015E+00
     51.7595    0.391113E+01  0.100275E+01   0.391113E+01    0.100275E+01
     52.1182    0.395884E+01  0.101772E+01   0.395884E+01    0.101772E+01
     52.4795    0.400706E+01  0.103294E+01   0.400706E+01    0.103294E+01
     52.8433    0.405579E+01  0.104839E+01   0.405579E+01    0.104839E+01
     53.2095    0.410504E+01  0.106410E+01   0.410504E+01    0.106410E+01
     53.5784    0.415482E+01  0.108006E+01   0.415482E+01    0.108006E+01
     53.9497    0.420511E+01  0.109628E+01   0.420511E+01    0.109628E+01
     54.3237    0.425594E+01  0.111275E+01   0.425594E+01    0.111275E+01
     54.7003    0.430729E+01  0.112949E+01   0.430729E+01    0.112949E+01
     55.0794    0.435919E+01  0.114650E+01   0.435919E+01    0.114650E+01
     55.4612    0.441162E+01  0.116379E+01   0.441162E+01    0.116379E+01
     55.8456    0.446460E+01  0.118134E+01   0.446460E+01    0.118134E+01
     56.2327    0.451812E+01  0.119918E+01   0.451812E+01    0.119918E+01
     56.6225    0.457220E+01  0.121731E+01   0.457220E+01    0.121731E+01
     57.0150    0.462683E+01  0.123572E+01   0.462683E+01    0.123572E+01
     57.4102    0.468202E+01  0.125443E+01   0.468202E+01    0.125443E+01
     57.8081    0.473777E+01  0.127344E+01   0.473777E+01    0.127344E+01
     58.2088    0.479409E+01  0.129274E+01   0.479409E+01    0.129274E+01
     58.6123    0.485098E+01  0.131236E+01   0.485098E+01    0.131236E+01
     59.0186    0.490844E+01  0.133229E+01   0.490844E+01    0.133229E+01
     59.4277    0.496648E+01  0.135253E+01   0.496648E+01    0.135253E+01
     59.8396    0.502510E+01  0.137310E+01   0.502510E+01    0.137310E+01
     60.2544    0.508430E+01  0.139399E+01   0.508430E+01    0.139399E+01
     60.6720    0.514409E+01  0.141521E+01   0.514409E+01    0.141521E+01
     61.0926    0.520448E+01  0.143677E+01   0.520448E+01    0.143677E+01
     61.5161    0.526545E+01  0.145867E+01   0.526545E+01    0.145867E+01
     61.9425    0.532702E+01  0.148091E+01   0.532702E+01    0.148091E+01
     62.3718    0.538920E+01  0.150350E+01   0.538920E+01    0.150350E+01
     62.8042    0.545198E+01  0.152645E+01   0.545198E+01    0.152645E+01
     63.2395    0.551536E+01  0.154976E+01   0.551536E+01    0.154976E+01
     63.6778    0.557936E+01  0.157344E+01   0.557936E+01    0.157344E+01
     64.1192    0.564397E+01  0.159749E+01   0.564397E+01    0.159749E+01
     64.5637    0.570920E+01  0.162191E+01   0.570920E+01    0.162191E+01
     65.0112    0.577504E+01  0.164671E+01   0.577504E+01    0.164671E+01
     65.4618    0.584151E+01  0.167191E+01   0.584151E+01    0.167191E+01
     65.9156    0.590860E+01  0.169749E+01   0.590860E+01    0.169749E+01
     66.3725    0.597633E+01  0.172347E+01   0.597633E+01    0.172347E+01
     66.8326    0.604468E+01  0.174986E+01   0.604468E+01    0.174986E+01
     67.2958    0.611367E+01  0.177666E+01   0.611367E+01    0.177666E+01
     67.7623    0.618329E+01  0.180387E+01   0.618329E+01    0.180387E+01
     68.2320    0.625355E+01  0.183150E+01   0.625355E+01    0.183150E+01
     68.7049    0.632445E+01  0.185956E+01   0.632445E+01    0.185956E+01
     69.1812    0.639600E+01  0.188805E+01   0.639600E+01    0.188805E+01
     69.6607    0.646819E+01  0.191698E+01   0.646819E+01    0.191698E+01
     70.1436    0.654103E+01  0.194635E+01   0.654103E+01    0.194635E+01
     70.6298    0.661452E+01  0.197617E+01   0.661452E+01    0.197617E+01
     71.1193    0.668867E+01  0.200645E+01   0.668867E+01    0.200645E+01
     71.6123    0.676346E+01  0.203719E+01   0.676346E+01    0.203719E+01
     72.1087    0.683892E+01  0.206840E+01   0.683892E+01    0.206840E+01
     72.6085    0.691503E+01  0.210009E+01   0.691503E+01    0.210009E+01
     73.1118    0.699180E+01  0.213225E+01   0.699180E+01    0.213225E+01
     73.6186    0.706923E+01  0.216490E+01   0.706923E+01    0.216490E+01
     74.1289    0.714732E+01  0.219805E+01   0.714732E+01    0.219805E+01
     74.6427    0.722607E+01  0.223169E+01   0.722607E+01    0.223169E+01
     75.1601    0.730549E+01  0.226585E+01   0.730549E+01    0.226585E+01
     75.6811    0.738558E+01  0.230051E+01   0.738558E+01    0.230051E+01
     76.2057    0.746633E+01  0.233569E+01   0.746633E+01    0.233569E+01
     76.7339    0.754775E+01  0.237140E+01   0.754775E+01    0.237140E+01
     77.2658    0.762984E+01  0.240765E+01   0.762984E+01    0.240765E+01
     77.8013    0.771259E+01  0.244443E+01   0.771259E+01    0.244443E+01
     78.3406    0.779601E+01  0.248175E+01   0.779601E+01    0.248175E+01
     78.8837    0.788011E+01  0.251963E+01   0.788011E+01    0.251963E+01
     79.4304    0.796487E+01  0.255807E+01   0.796487E+01    0.255807E+01
     79.9810    0.805030E+01  0.259707E+01   0.805030E+01    0.259707E+01
     80.5354    0.813640E+01  0.263665E+01   0.813640E+01    0.263665E+01
     81.0936    0.822317E+01  0.267680E+01   0.822317E+01    0.267680E+01
     81.6558    0.831060E+01  0.271754E+01   0.831060E+01    0.271754E+01
     82.2218    0.839870E+01  0.275888E+01   0.839870E+01    0.275888E+01
     82.7917    0.848747E+01  0.280081E+01   0.848747E+01    0.280081E+01
     83.3656    0.857691E+01  0.284335E+01   0.857691E+01    0.284335E+01
     83.9434    0.866700E+01  0.288651E+01   0.866700E+01    0.288651E+01
     84.5253    0.875776E+01  0.293028E+01   0.875776E+01    0.293028E+01
     85.1112    0.884918E+01  0.297469E+01   0.884918E+01    0.297469E+01
     85.7011    0.894126E+01  0.301972E+01   0.894126E+01    0.301972E+01
     86.2952    0.903400E+01  0.306540E+01   0.903400E+01    0.306540E+01
     86.8933    0.912739E+01  0.311173E+01   0.912739E+01    0.311173E+01
     87.4956    0.922143E+01  0.315871E+01   0.922143E+01    0.315871E+01
     88.1021    0.931612E+01  0.320635E+01   0.931612E+01    0.320635E+01
     88.7128    0.941146E+01  0.325467E+01   0.941146E+01    0.325467E+01
     89.3277    0.950744E+01  0.330365E+01   0.950744E+01    0.330365E+01
     89.9469    0.960406E+01  0.335333E+01   0.960406E+01    0.335333E+01
     90.5704    0.970132E+01  0.340369E+01   0.970132E+01    0.340369E+01
     91.1982    0.979921E+01  0.345475E+01   0.979921E+01    0.345475E+01
     91.8303    0.989773E+01  0.350651E+01   0.989773E+01    0.350651E+01
     92.4668    0.999687E+01  0.355898E+01   0.999687E+01    0.355898E+01
     93.1078    0.100966E+02  0.361217E+01   0.100966E+02    0.361217E+01
     93.7532    0.101970E+02  0.366608E+01   0.101970E+02    0.366608E+01
     94.4030    0.102980E+02  0.372073E+01   0.102980E+02    0.372073E+01
     95.0574    0.103996E+02  0.377611E+01   0.103996E+02    0.377611E+01
     95.7163    0.105018E+02  0.383223E+01   0.105018E+02    0.383223E+01
     96.3797    0.106046E+02  0.388911E+01   0.106046E+02    0.388911E+01
     97.0478    0.107079E+02  0.394674E+01   0.107079E+02    0.394674E+01
     97.7205    0.108119E+02  0.400514E+01   0.108119E+02    0.400514E+01
     98.3979    0.109164E+02  0.406430E+01   0.109164E+02    0.406430E+01
     99.0799    0.110215E+02  0.412424E+01   0.110215E+02    0.412424E+01
     99.7667    0.111271E+02  0.418497E+01   0.111271E+02    0.418497E+01
    100.4582    0.112333E+02  0.424648E+01   0.112333E+02    0.424648E+01
    101.1546    0.113401E+02  0.430878E+01   0.113401E+02    0.430878E+01
    101.8557    0.114473E+02  0.437189E+01   0.114473E+02    0.437189E+01
    102.5617    0.115551E+02  0.443580E+01   0.115551E+02    0.443580E+01
    103.2726    0.116634E+02  0.450052E+01   0.116634E+02    0.450052E+01
    103.9885    0.117723E+02  0.456606E+01   0.117723E+02    0.456606E+01
    104.7093    0.117565E+02  0.463242E+01   0.118816E+02    0.463242E+01
    105.4351    0.117030E+02  0.469961E+01   0.119914E+02    0.469961E+01
    106.1659    0.116158E+02  0.476763E+01   0.121017E+02    0.476763E+01
    106.9018    0.114987E+02  0.483649E+01   0.122124E+02    0.483649E+01
    107.6428    0.113574E+02  0.490619E+01   0.123236E+02    0.490619E+01
    108.3890    0.111991E+02  0.497674E+01   0.124353E+02    0.497674E+01
    109.1403    0.110322E+02  0.504813E+01   0.125474E+02    0.504813E+01
    109.8968    0.108660E+02  0.512039E+01   0.126599E+02    0.512039E+01
    110.6585    0.107099E+02  0.519350E+01   0.127728E+02    0.519350E+01
    111.4256    0.105730E+02  0.524213E+01   0.128860E+02    0.526748E+01
    112.1979    0.104639E+02  0.521287E+01   0.129997E+02    0.534232E+01
    112.9756    0.103895E+02  0.514886E+01   0.131138E+02    0.541804E+01
    113.7587    0.103551E+02  0.505321E+01   0.132282E+02    0.549463E+01
    114.5473    0.104202E+02  0.493112E+01   0.133429E+02    0.557209E+01
    115.3412    0.105168E+02  0.478956E+01   0.134579E+02    0.565043E+01
    116.1407    0.106128E+02  0.463700E+01   0.135733E+02    0.572966E+01
    116.9458    0.107083E+02  0.448291E+01   0.136889E+02    0.580977E+01
    117.7564    0.108033E+02  0.433717E+01   0.138049E+02    0.589076E+01
    118.5726    0.108978E+02  0.420946E+01   0.139210E+02    0.597264E+01
    119.3945    0.109918E+02  0.410861E+01   0.140374E+02    0.605541E+01
    120.2221    0.110852E+02  0.404194E+01   0.141541E+02    0.613906E+01
    121.0554    0.111780E+02  0.401469E+01   0.142709E+02    0.622360E+01
    121.8945    0.112703E+02  0.406287E+01   0.143879E+02    0.630904E+01
    122.7395    0.113620E+02  0.412088E+01   0.145051E+02    0.639536E+01
    123.5902    0.114531E+02  0.417962E+01   0.146225E+02    0.648257E+01
    124.4469    0.115436E+02  0.423910E+01   0.147399E+02    0.657067E+01
    125.3095    0.116335E+02  0.429931E+01   0.148575E+02    0.665965E+01
    126.1781    0.117228E+02  0.436023E+01   0.149752E+02    0.674951E+01
    127.0527    0.118115E+02  0.442187E+01   0.150929E+02    0.684026E+01
    127.9334    0.118995E+02  0.448421E+01   0.152106E+02    0.693188E+01
    128.8202    0.119869E+02  0.454725E+01   0.152492E+02    0.692736E+01
    129.7131    0.120737E+02  0.461098E+01   0.151514E+02    0.684074E+01
    130.6122    0.121598E+02  0.467539E+01   0.149664E+02    0.669379E+01
    131.5176    0.122452E+02  0.474047E+01   0.147072E+02    0.649702E+01
    132.4292    0.123300E+02  0.480621E+01   0.143934E+02    0.626542E+01
    133.3471    0.124141E+02  0.487261E+01   0.140498E+02    0.601734E+01
    134.2714    0.124974E+02  0.493965E+01   0.137044E+02    0.577317E+01
    135.2022    0.125801E+02  0.500732E+01   0.133864E+02    0.555366E+01
    136.1393    0.126621E+02  0.507562E+01   0.131237E+02    0.537817E+01
    137.0830    0.127433E+02  0.514453E+01   0.129403E+02    0.526287E+01
    138.0332    0.128238E+02  0.521404E+01   0.128540E+02    0.521920E+01
    138.9900    0.129036E+02  0.528413E+01   0.129036E+02    0.528413E+01
    139.9534    0.129826E+02  0.535481E+01   0.129826E+02    0.535481E+01
    140.9235    0.130609E+02  0.542605E+01   0.130609E+02    0.542605E+01
    141.9003    0.131384E+02  0.549784E+01   0.131384E+02    0.549784E+01
    142.8839    0.132151E+02  0.557018E+01   0.132151E+02    0.557018E+01
    143.8743    0.132911E+02  0.564304E+01   0.132911E+02    0.564304E+01
    144.8716    0.133662E+02  0.571641E+01   0.133662E+02    0.571641E+01
    145.8758    0.134406E+02  0.579028E+01   0.134406E+02    0.579028E+01
    146.8869    0.135142E+02  0.586463E+01   0.135142E+02    0.586463E+01
    147.9051    0.135869E+02  0.593945E+01   0.135869E+02    0.593945E+01
    148.9303    0.136589E+02  0.601473E+01   0.136589E+02    0.601473E+01
    149.9626    0.137300E+02  0.609044E+01   0.137300E+02    0.609044E+01
    151.0021    0.138003E+02  0.616657E+01   0.138003E+02    0.616657E+01
    152.0488    0.138697E+02  0.624312E+01   0.138697E+02    0.624312E+01
    153.1027    0.139383E+02  0.632005E+01   0.139383E+02    0.632005E+01
    154.1639    0.140061E+02  0.639735E+01   0.140061E+02    0.639735E+01
    155.2325    0.140730E+02  0.647501E+01   0.140730E+02    0.647501E+01
    156.3085    0.141390E+02  0.655300E+01   0.141390E+02    0.655300E+01
    157.3920    0.142041E+02  0.663132E+01   0.142041E+02    0.663132E+01
    158.4830    0.142684E+02  0.670993E+01   0.142684E+02    0.670993E+01
    159.5815    0.143318E+02  0.678883E+01   0.143318E+02    0.678883E+01
    160.6877    0.143943E+02  0.686799E+01   0.143943E+02    0.686799E+01
    161.8015    0.144559E+02  0.694740E+01   0.144559E+02    0.694740E+01
    162.9230    0.145166E+02  0.702702E+01   0.145166E+02    0.702702E+01
    164.0523    0.145764E+02  0.710686E+01   0.145764E+02    0.710686E+01
    165.1895    0.146352E+02  0.718687E+01   0.146352E+02    0.718687E+01
    166.3345    0.146932E+02  0.726705E+01   0.146932E+02    0.726705E+01
    167.4875    0.147502E+02  0.734737E+01   0.147502E+02    0.734737E+01
    168.6484    0.148063E+02  0.742782E+01   0.148063E+02    0.742782E+01
    169.8174    0.148615E+02  0.750836E+01   0.148615E+02    0.750836E+01
    170.9945    0.149157E+02  0.758898E+01   0.149157E+02    0.758898E+01
    172.1798    0.149690E+02  0.766966E+01   0.149690E+02    0.766966E+01
    173.3732    0.150214E+02  0.775036E+01   0.150214E+02    0.775036E+01
    174.5750    0.150728E+02  0.783108E+01   0.150728E+02    0.783108E+01
    175.7851    0.151232E+02  0.791179E+01   0.151232E+02    0.791179E+01
    177.0035    0.151727E+02  0.799247E+01   0.151727E+02    0.799247E+01
    178.2304    0.152213E+02  0.807308E+01   0.152213E+02    0.807308E+01
    179.4659    0.152689E+02  0.815362E+01   0.152689E+02    0.815362E+01
    180.7098    0.153155E+02  0.823405E+01   0.153155E+02    0.823405E+01
    181.9624    0.153612E+02  0.831435E+01   0.153612E+02    0.831435E+01
    183.2237    0.154059E+02  0.839449E+01   0.154059E+02    0.839449E+01
    184.4938    0.154496E+02  0.847447E+01   0.154496E+02    0.847447E+01
    185.7726    0.154923E+02  0.855424E+01   0.154923E+02    0.855424E+01
    187.0603    0.155341E+02  0.863378E+01   0.155341E+02    0.863378E+01
    188.3569    0.155749E+02  0.871308E+01   0.155749E+02    0.871308E+01
    189.6625    0.156148E+02  0.879210E+01   0.156148E+02    0.879210E+01
    190.9772    0.156537E+02  0.887083E+01   0.156537E+02    0.887083E+01
    192.3009    0.156916E+02  0.894923E+01   0.156916E+02    0.894923E+01
    193.6339    0.157285E+02  0.902729E+01   0.157285E+02    0.902729E+01
    194.9761    0.157645E+02  0.910497E+01   0.157645E+02    0.910497E+01
    196.3276    0.157994E+02  0.918226E+01   0.157994E+02    0.918226E+01
    197.6884    0.158335E+02  0.925913E+01   0.158335E+02    0.925913E+01
    199.0587    0.158665E+02  0.933555E+01   0.158665E+02    0.933555E+01
    200.4385    0.158986E+02  0.941151E+01   0.158986E+02    0.941151E+01
    201.8279    0.159297E+02  0.948697E+01   0.159297E+02    0.948697E+01
    203.2268    0.159599E+02  0.956191E+01   0.159599E+02    0.956191E+01
    204.6355    0.159890E+02  0.963632E+01   0.159890E+02    0.963632E+01
    206.0540    0.160173E+02  0.971015E+01   0.160173E+02    0.971015E+01
    207.4822    0.160446E+02  0.978340E+01   0.160446E+02    0.978340E+01
    208.9204    0.160709E+02  0.985604E+01   0.160709E+02    0.985604E+01
    210.3686    0.160963E+02  0.992805E+01   0.160963E+02    0.992805E+01
    211.8268    0.161207E+02  0.999939E+01   0.161207E+02    0.999939E+01
    213.2950    0.161442E+02  0.100701E+02   0.161442E+02    0.100701E+02
    214.7735    0.161667E+02  0.101400E+02   0.161667E+02    0.101400E+02
    216.2622    0.161884E+02  0.102093E+02   0.161884E+02    0.102093E+02
    217.7613    0.162090E+02  0.102778E+02   0.162090E+02    0.102778E+02
    219.2707    0.162288E+02  0.103455E+02   0.162288E+02    0.103455E+02
    220.7906    0.162477E+02  0.104125E+02   0.162477E+02    0.104125E+02
    222.3210    0.162656E+02  0.104786E+02   0.162656E+02    0.104786E+02
    223.8620    0.162827E+02  0.105439E+02   0.162827E+02    0.105439E+02
    225.4138    0.162988E+02  0.106084E+02   0.162988E+02    0.106084E+02
    226.9762    0.163141E+02  0.106720E+02   0.163141E+02    0.106720E+02
    228.5495    0.163284E+02  0.107348E+02   0.163284E+02    0.107348E+02
    230.1337    0.163419E+02  0.107966E+02   0.163419E+02    0.107966E+02
    231.7289    0.163546E+02  0.108575E+02   0.163546E+02    0.108575E+02
    233.3352    0.163663E+02  0.109175E+02   0.163663E+02    0.109175E+02
    234.9525    0.163772E+02  0.109766E+02   0.163772E+02    0.109766E+02
    236.5811    0.163873E+02  0.110347E+02   0.163873E+02    0.110347E+02
    238.2210    0.163965E+02  0.110919E+02   0.163965E+02    0.110919E+02
    239.8723    0.164049E+02  0.111480E+02   0.164049E+02    0.111480E+02
    241.5349    0.164125E+02  0.112032E+02   0.164125E+02    0.112032E+02
    243.2092    0.164193E+02  0.112574E+02   0.164193E+02    0.112574E+02
    244.8950    0.164252E+02  0.113105E+02   0.164252E+02    0.113105E+02
    246.5925    0.164304E+02  0.113627E+02   0.164304E+02    0.113627E+02
    248.3018    0.164348E+02  0.114138E+02   0.164348E+02    0.114138E+02
    250.0229    0.164384E+02  0.114639E+02   0.164384E+02    0.114639E+02
    251.7559    0.164413E+02  0.115129E+02   0.164413E+02    0.115129E+02
    253.5010    0.164434E+02  0.115609E+02   0.164434E+02    0.115609E+02
    255.2582    0.164447E+02  0.116078E+02   0.164447E+02    0.116078E+02
    257.0275    0.164454E+02  0.116537E+02   0.164454E+02    0.116537E+02
    258.8091    0.164453E+02  0.116986E+02   0.164453E+02    0.116986E+02
    260.6031    0.164445E+02  0.117424E+02   0.164445E+02    0.117424E+02
    262.4094    0.164430E+02  0.117851E+02   0.164430E+02    0.117851E+02
    264.2284    0.164409E+02  0.118268E+02   0.164409E+02    0.118268E+02
    266.0599    0.164380E+02  0.118675E+02   0.164380E+02    0.118675E+02
    267.9041    0.164345E+02  0.119071E+02   0.164345E+02    0.119071E+02
    269.7611    0.164304E+02  0.119457E+02   0.164304E+02    0.119457E+02
    271.6309    0.163752E+02  0.119108E+02   0.163752E+02    0.119108E+02
    273.5138    0.161960E+02  0.117803E+02   0.161960E+02    0.117803E+02
    275.4096    0.159500E+02  0.116012E+02   0.159500E+02    0.116012E+02
    277.3187    0.157216E+02  0.114348E+02   0.157216E+02    0.114348E+02
    279.2409    0.155915E+02  0.113401E+02   0.155915E+02    0.113401E+02
    281.1765    0.155731E+02  0.113483E+02   0.155731E+02    0.113483E+02
    283.1255    0.155622E+02  0.113755E+02   0.155622E+02    0.113755E+02
    285.0880    0.155508E+02  0.114017E+02   0.155508E+02    0.114017E+02
    287.0641    0.155388E+02  0.114271E+02   0.155388E+02    0.114271E+02
    289.0539    0.155264E+02  0.114515E+02   0.155264E+02    0.114515E+02
    291.0575    0.155135E+02  0.114751E+02   0.155135E+02    0.114751E+02
    293.0750    0.155001E+02  0.114978E+02   0.155001E+02    0.114978E+02
    295.1065    0.154862E+02  0.115196E+02   0.154862E+02    0.115196E+02
    297.1520    0.154718E+02  0.115405E+02   0.154718E+02    0.115405E+02
    299.2117    0.154570E+02  0.115606E+02   0.154570E+02    0.115606E+02
    301.2857    0.154417E+02  0.115799E+02   0.154417E+02    0.115799E+02
    303.3741    0.154259E+02  0.115984E+02   0.154259E+02    0.115984E+02
    305.4770    0.154097E+02  0.116160E+02   0.154097E+02    0.116160E+02
    307.5944    0.153930E+02  0.116329E+02   0.153930E+02    0.116329E+02
    309.7265    0.153760E+02  0.116490E+02   0.153760E+02    0.116490E+02
    311.8734    0.153585E+02  0.116644E+02   0.153585E+02    0.116644E+02
    314.0352    0.153405E+02  0.116791E+02   0.153405E+02    0.116791E+02
    316.2120    0.153222E+02  0.116930E+02   0.153222E+02    0.116930E+02
    318.4038    0.153035E+02  0.117062E+02   0.153035E+02    0.117062E+02
    320.6108    0.152844E+02  0.117187E+02   0.152844E+02    0.117187E+02
    322.8332    0.152649E+02  0.117306E+02   0.152649E+02    0.117306E+02
    325.0709    0.152451E+02  0.117418E+02   0.152451E+02    0.117418E+02
    327.3242    0.152249E+02  0.117524E+02   0.152249E+02    0.117524E+02
    329.5930    0.152043E+02  0.117623E+02   0.152043E+02    0.117623E+02
    331.8776    0.151834E+02  0.117717E+02   0.151834E+02    0.117717E+02
    334.1781    0.151622E+02  0.117805E+02   0.151622E+02    0.117805E+02
    336.4944    0.151407E+02  0.117887E+02   0.151407E+02    0.117887E+02
    338.8269    0.151189E+02  0.117964E+02   0.151189E+02    0.117964E+02
    341.1755    0.150967E+02  0.118036E+02   0.150967E+02    0.118036E+02
    343.5404    0.150743E+02  0.118102E+02   0.150743E+02    0.118102E+02
    345.9216    0.150516E+02  0.118164E+02   0.150516E+02    0.118164E+02
    348.3194    0.150286E+02  0.118221E+02   0.150286E+02    0.118221E+02
    350.7338    0.150054E+02  0.118273E+02   0.150054E+02    0.118273E+02
    353.1649    0.149820E+02  0.118321E+02   0.149820E+02    0.118321E+02
    355.6129    0.149583E+02  0.118365E+02   0.149583E+02    0.118365E+02
    358.0779    0.149344E+02  0.118405E+02   0.149344E+02    0.118405E+02
    360.5599    0.149103E+02  0.118442E+02   0.149103E+02    0.118442E+02
    363.0592    0.148860E+02  0.118475E+02   0.148860E+02    0.118475E+02
    365.5757    0.148615E+02  0.118504E+02   0.148615E+02    0.118504E+02
    368.1098    0.148368E+02  0.118530E+02   0.148368E+02    0.118530E+02
    370.6613    0.148120E+02  0.118554E+02   0.148120E+02    0.118554E+02
    373.2306    0.147871E+02  0.118574E+02   0.147871E+02    0.118574E+02
    375.8177    0.147620E+02  0.118592E+02   0.147620E+02    0.118592E+02
    378.4227    0.147367E+02  0.118608E+02   0.147367E+02    0.118608E+02
    381.0457    0.147114E+02  0.118621E+02   0.147114E+02    0.118621E+02
    383.6870    0.146859E+02  0.118632E+02   0.146859E+02    0.118632E+02
    386.3465    0.146604E+02  0.118641E+02   0.146604E+02    0.118641E+02
    389.0245    0.146348E+02  0.118649E+02   0.146348E+02    0.118649E+02
    391.7211    0.146091E+02  0.118654E+02   0.146091E+02    0.118654E+02
    394.4363    0.145834E+02  0.118659E+02   0.145834E+02    0.118659E+02
    397.1704    0.145576E+02  0.118662E+02   0.145576E+02    0.118662E+02
    399.9234    0.145318E+02  0.118665E+02   0.145318E+02    0.118665E+02
    402.6955    0.145060E+02  0.118666E+02   0.145060E+02    0.118666E+02
    405.4868    0.144802E+02  0.118667E+02   0.144802E+02    0.118667E+02
    408.2975    0.144543E+02  0.118667E+02   0.144543E+02    0.118667E+02
    411.1276    0.144245E+02  0.118510E+02   0.144245E+02    0.118510E+02
    413.9774    0.142630E+02  0.116750E+02   0.142630E+02    0.116750E+02
    416.8469    0.139326E+02  0.113148E+02   0.139326E+02    0.113148E+02
    419.7363    0.134596E+02  0.107993E+02   0.134596E+02    0.107993E+02
    422.6457    0.128846E+02  0.101725E+02   0.128846E+02    0.101725E+02
    425.5753    0.122591E+02  0.949063E+01   0.122591E+02    0.949063E+01
    428.5252    0.116411E+02  0.881692E+01   0.116411E+02    0.881692E+01
    431.4956    0.110899E+02  0.821603E+01   0.110899E+02    0.821603E+01
    434.4865    0.106603E+02  0.774778E+01   0.106603E+02    0.774778E+01
    437.4982    0.103972E+02  0.746097E+01   0.103972E+02    0.746097E+01
    440.5307    0.103205E+02  0.738160E+01   0.103205E+02    0.738160E+01
    443.5843    0.102833E+02  0.736503E+01   0.102833E+02    0.736503E+01
    446.6590    0.102461E+02  0.734855E+01   0.102461E+02    0.734855E+01
    449.7551    0.102088E+02  0.733218E+01   0.102088E+02    0.733218E+01
    452.8726    0.101716E+02  0.731592E+01   0.101716E+02    0.731592E+01
    456.0117    0.101345E+02  0.729977E+01   0.101345E+02    0.729977E+01
    459.1726    0.100974E+02  0.728373E+01   0.100974E+02    0.728373E+01
    462.3554    0.100603E+02  0.726781E+01   0.100603E+02    0.726781E+01
    465.5602    0.100233E+02  0.725202E+01   0.100233E+02    0.725202E+01
    468.7873    0.998630E+01  0.723636E+01   0.998630E+01    0.723636E+01
    472.0367    0.994941E+01  0.722083E+01   0.994941E+01    0.722083E+01
    475.3087    0.991260E+01  0.720544E+01   0.991260E+01    0.720544E+01
    478.6033    0.987587E+01  0.719020E+01   0.987587E+01    0.719020E+01
    481.9208    0.983923E+01  0.717510E+01   0.983923E+01    0.717510E+01
    485.2612    0.980268E+01  0.716016E+01   0.980268E+01    0.716016E+01
    488.6248    0.976624E+01  0.714538E+01   0.976624E+01    0.714538E+01
    492.0118    0.972991E+01  0.713076E+01   0.972991E+01    0.713076E+01
    495.4222    0.969370E+01  0.711631E+01   0.969370E+01    0.711631E+01
    498.8562    0.965762E+01  0.710203E+01   0.965762E+01    0.710203E+01
    502.3141    0.962167E+01  0.708794E+01   0.962167E+01    0.708794E+01
    505.7959    0.958585E+01  0.707403E+01   0.958585E+01    0.707403E+01
    509.3019    0.955019E+01  0.706030E+01   0.955019E+01    0.706030E+01
    512.8322    0.951467E+01  0.704678E+01   0.951467E+01    0.704678E+01
    516.3869    0.947932E+01  0.703345E+01   0.947932E+01    0.703345E+01
    519.9663    0.944414E+01  0.702034E+01   0.944414E+01    0.702034E+01
    523.5704    0.940912E+01  0.700743E+01   0.940912E+01    0.700743E+01
    527.1996    0.937429E+01  0.699474E+01   0.937429E+01    0.699474E+01
    530.8539    0.933965E+01  0.698227E+01   0.933965E+01    0.698227E+01
    534.5336    0.930520E+01  0.697002E+01   0.930520E+01    0.697002E+01
    538.2387    0.927095E+01  0.695801E+01   0.927095E+01    0.695801E+01
    541.9696    0.923691E+01  0.694623E+01   0.923691E+01    0.694623E+01
    545.7263    0.920308E+01  0.693470E+01   0.920308E+01    0.693470E+01
    549.5090    0.916947E+01  0.692340E+01   0.916947E+01    0.692340E+01
    553.3180    0.913608E+01  0.691236E+01   0.913608E+01    0.691236E+01
    557.1533    0.910293E+01  0.690158E+01   0.910293E+01    0.690158E+01
    561.0153    0.907002E+01  0.689105E+01   0.907002E+01    0.689105E+01
    564.9040    0.903735E+01  0.688078E+01   0.903735E+01    0.688078E+01
    568.8197    0.900492E+01  0.687078E+01   0.900492E+01    0.687078E+01
    572.7625    0.897276E+01  0.686105E+01   0.897276E+01    0.686105E+01
    576.7326    0.894086E+01  0.685159E+01   0.894086E+01    0.685159E+01
    580.7303    0.890922E+01  0.684240E+01   0.890922E+01    0.684240E+01
    584.7556    0.887786E+01  0.683349E+01   0.887786E+01    0.683349E+01
    588.8089    0.884677E+01  0.682485E+01   0.884677E+01    0.682485E+01
    592.8903    0.881597E+01  0.681650E+01   0.881597E+01    0.681650E+01
    596.9999    0.878546E+01  0.680843E+01   0.878546E+01    0.680843E+01
    601.1381    0.875525E+01  0.680063E+01   0.875525E+01    0.680063E+01
    605.3049    0.872533E+01  0.679312E+01   0.872533E+01    0.679312E+01
    609.5006    0.869572E+01  0.678588E+01   0.869572E+01    0.678588E+01
    613.7254    0.866642E+01  0.677893E+01   0.866642E+01    0.677893E+01
    617.9795    0.863743E+01  0.677224E+01   0.863743E+01    0.677224E+01
    622.2631    0.860877E+01  0.676583E+01   0.860877E+01    0.676583E+01
    626.5763    0.858043E+01  0.675969E+01   0.858043E+01    0.675969E+01
    630.9195    0.855243E+01  0.675381E+01   0.855243E+01    0.675381E+01
    635.2927    0.852476E+01  0.674819E+01   0.852476E+01    0.674819E+01
    639.6963    0.849743E+01  0.674281E+01   0.849743E+01    0.674281E+01
    644.1304    0.847046E+01  0.673768E+01   0.847046E+01    0.673768E+01
    648.5953    0.844383E+01  0.673278E+01   0.844383E+01    0.673278E+01
    653.0910    0.841756E+01  0.672810E+01   0.841756E+01    0.672810E+01
    657.6180    0.839166E+01  0.672363E+01   0.839166E+01    0.672363E+01
    662.1763    0.836613E+01  0.671936E+01   0.836613E+01    0.671936E+01
    666.7662    0.834098E+01  0.671526E+01   0.834098E+01    0.671526E+01
    671.3880    0.831621E+01  0.671133E+01   0.831621E+01    0.671133E+01
    676.0417    0.836817E+01  0.675175E+01   0.836817E+01    0.675175E+01
    680.7278    0.993638E+01  0.771071E+01   0.993638E+01    0.771071E+01
    685.4463    0.109656E+02  0.834119E+01   0.109656E+02    0.834119E+01
    690.1975    0.109214E+02  0.832598E+01   0.109214E+02    0.832598E+01
    694.9816    0.108776E+02  0.831101E+01   0.108776E+02    0.831101E+01
    699.7990    0.108341E+02  0.829629E+01   0.108341E+02    0.829629E+01
    704.6497    0.107909E+02  0.828181E+01   0.107909E+02    0.828181E+01
    709.5340    0.107481E+02  0.826759E+01   0.107481E+02    0.826759E+01
    714.4522    0.107056E+02  0.825361E+01   0.107056E+02    0.825361E+01
    719.4044    0.106635E+02  0.823988E+01   0.106635E+02    0.823988E+01
    724.3910    0.106218E+02  0.822641E+01   0.106218E+02    0.822641E+01
    729.4122    0.105804E+02  0.821319E+01   0.105804E+02    0.821319E+01
    734.4682    0.105394E+02  0.820022E+01   0.105394E+02    0.820022E+01
    739.5592    0.104988E+02  0.818752E+01   0.104988E+02    0.818752E+01
    744.6855    0.104585E+02  0.817506E+01   0.104585E+02    0.817506E+01
    749.8473    0.104186E+02  0.816287E+01   0.104186E+02    0.816287E+01
    755.0450    0.103791E+02  0.815094E+01   0.103791E+02    0.815094E+01
    760.2786    0.103399E+02  0.813927E+01   0.103399E+02    0.813927E+01
    765.5485    0.103012E+02  0.812786E+01   0.103012E+02    0.812786E+01
    770.8550    0.102628E+02  0.811672E+01   0.102628E+02    0.811672E+01
    776.1982    0.102248E+02  0.810583E+01   0.102248E+02    0.810583E+01
    781.5785    0.101873E+02  0.809522E+01   0.101873E+02    0.809522E+01
    786.9960    0.101501E+02  0.808487E+01   0.101501E+02    0.808487E+01
    792.4512    0.101133E+02  0.807478E+01   0.101133E+02    0.807478E+01
    797.9441    0.100769E+02  0.806497E+01   0.100769E+02    0.806497E+01
    803.4751    0.100491E+02  0.805542E+01   0.100409E+02    0.805542E+01
    809.0444    0.100204E+02  0.804614E+01   0.100053E+02    0.804614E+01
    814.6524    0.995381E+01  0.803713E+01   0.997012E+01    0.803713E+01
    820.2992    0.984905E+01  0.802839E+01   0.993535E+01    0.802839E+01
    825.9852    0.970617E+01  0.801992E+01   0.990099E+01    0.801992E+01
    831.7105    0.952555E+01  0.801173E+01   0.986704E+01    0.801173E+01
    837.4756    0.930787E+01  0.800380E+01   0.983351E+01    0.800380E+01
    843.2806    0.905420E+01  0.799614E+01   0.980039E+01    0.799614E+01
    849.1259    0.876593E+01  0.798876E+01   0.976769E+01    0.798876E+01
    855.0116    0.844483E+01  0.798165E+01   0.973541E+01    0.798165E+01
    860.9382    0.809300E+01  0.797481E+01   0.970355E+01    0.797481E+01
    866.9059    0.771292E+01  0.796765E+01   0.967211E+01    0.796825E+01
    872.9149    0.730740E+01  0.793421E+01   0.964110E+01    0.796195E+01
    878.9656    0.687961E+01  0.786503E+01   0.961051E+01    0.795593E+01
    885.0582    0.643301E+01  0.775998E+01   0.958035E+01    0.795019E+01
    891.1930    0.597139E+01  0.761931E+01   0.955061E+01    0.794471E+01
    897.3704    0.549881E+01  0.744359E+01   0.952131E+01    0.793951E+01
    903.5906    0.501957E+01  0.723379E+01   0.949243E+01    0.793458E+01
    909.8539    0.453820E+01  0.699123E+01   0.946399E+01    0.792992E+01
    916.1606    0.405941E+01  0.671763E+01   0.943597E+01    0.792553E+01
    922.5110    0.358804E+01  0.641506E+01   0.940839E+01    0.792142E+01
    928.9054    0.312902E+01  0.608600E+01   0.938124E+01    0.791758E+01
    935.3442    0.268734E+01  0.573328E+01   0.935453E+01    0.791400E+01
    941.8276    0.226796E+01  0.536007E+01   0.932825E+01    0.791070E+01
    948.3560    0.187577E+01  0.496989E+01   0.930240E+01    0.790767E+01
    954.9296    0.151556E+01  0.456657E+01   0.927698E+01    0.790491E+01
    961.5487    0.119189E+01  0.415420E+01   0.925200E+01    0.790241E+01
    968.2138    0.909093E+00  0.373715E+01   0.922746E+01    0.790018E+01
    974.9250    0.671183E+00  0.331997E+01   0.920678E+01    0.789590E+01
    981.6828    0.481789E+00  0.290738E+01   0.917304E+01    0.785732E+01
    988.4874    0.344097E+00  0.250420E+01   0.908891E+01    0.777403E+01
    995.3391    0.260788E+00  0.211532E+01   0.895430E+01    0.764606E+01
   1002.2384    0.234052E+00  0.174563E+01   0.876976E+01    0.747398E+01
   1009.1855    0.237142E+00  0.139994E+01   0.853644E+01    0.725893E+01
   1016.1807    0.240295E+00  0.108294E+01   0.825615E+01    0.700263E+01
   1023.2244    0.243513E+00  0.799132E+00   0.793134E+01    0.670734E+01
   1030.3170    0.246796E+00  0.552737E+00   0.756515E+01    0.637594E+01
   1037.4587    0.250235E+00  0.347648E+00   0.716132E+01    0.601186E+01
   1044.6499    0.253915E+00  0.187355E+00   0.672423E+01    0.561907E+01
   1051.8910    0.257676E+00  0.748719E-01   0.625887E+01    0.520207E+01
   1059.1822    0.261519E+00  0.126784E-01   0.577076E+01    0.476584E+01
   1066.5240    0.265446E+00  0.987193E-04   0.526594E+01    0.431580E+01
   1073.9167    0.269460E+00  0.112218E-03   0.475088E+01    0.385773E+01
   1081.3606    0.273478E+00  0.127321E-03   0.423243E+01    0.339775E+01
   1088.8562    0.277086E+00  0.142307E-03   0.371772E+01    0.294222E+01
   1096.4036    0.280767E+00  0.159179E-03   0.321408E+01    0.249764E+01
   1104.0034    0.284524E+00  0.178191E-03   0.272893E+01    0.207058E+01
   1111.6559    0.288357E+00  0.199629E-03   0.226969E+01    0.166761E+01
   1119.3614    0.292269E+00  0.223822E-03   0.184363E+01    0.129514E+01
   1127.1204    0.296262E+00  0.251147E-03   0.145780E+01    0.959336E+00
   1134.9331    0.299719E+00  0.276638E-03   0.111885E+01    0.666046E+00
   1142.7999    0.303212E+00  0.304643E-03   0.832934E+00    0.420638E+00
   1150.7213    0.306769E+00  0.335707E-03   0.605608E+00    0.227918E+00
   1158.6976    0.310394E+00  0.370188E-03   0.441664E+00    0.920152E-01
   1166.7292    0.314087E+00  0.408487E-03   0.345038E+00    0.162821E-01
   1174.8165    0.317850E+00  0.451056E-03   0.318608E+00    0.447503E-03
   1182.9598    0.320053E+00  0.491195E-03   0.322417E+00    0.487651E-03
   1191.1596    0.321766E+00  0.532749E-03   0.326194E+00    0.529297E-03
   1199.4162    0.323500E+00  0.578144E-03   0.330042E+00    0.574826E-03
   1207.7300    0.325256E+00  0.627762E-03   0.333962E+00    0.624629E-03
   1216.1015    0.327033E+00  0.682029E-03   0.337957E+00    0.679137E-03
   1224.5310    0.328833E+00  0.741412E-03   0.342027E+00    0.738830E-03
   1233.0189    0.319101E+00  0.798663E-03   0.345939E+00    0.796905E-03
   1241.5656    0.301144E+00  0.854324E-03   0.349738E+00    0.853887E-03
   1250.1716    0.284085E+00  0.914290E-03   0.353605E+00    0.915383E-03
   1258.8373    0.267883E+00  0.978926E-03   0.357542E+00    0.981780E-03
   1267.5630    0.252502E+00  0.104863E-02   0.361551E+00    0.105351E-02
   1276.3492    0.237907E+00  0.112383E-02   0.365633E+00    0.113102E-02
   1285.1963    0.211118E+00  0.119662E-02   0.369492E+00    0.120909E-02
   1294.1047    0.168973E+00  0.125949E-02   0.372901E+00    0.128261E-02
   1303.0749    0.135033E+00  0.132612E-02   0.376365E+00    0.136117E-02
   1312.1073    0.107742E+00  0.139679E-02   0.379886E+00    0.144513E-02
   1321.2022    0.858328E-01  0.147174E-02   0.383465E+00    0.153491E-02
   1330.3602    0.682710E-01  0.155128E-02   0.387103E+00    0.163095E-02
   1339.5817    0.562852E-01  0.162050E-02   0.390652E+00    0.173077E-02
   1348.8671    0.555230E-01  0.161859E-02   0.393541E+00    0.182240E-02
   1358.2169    0.547660E-01  0.161667E-02   0.396471E+00    0.191956E-02
   1367.6314    0.540141E-01  0.161475E-02   0.399444E+00    0.202263E-02
   1377.1113    0.532675E-01  0.161281E-02   0.402460E+00    0.213200E-02
   1386.6568    0.525261E-01  0.161086E-02   0.405519E+00    0.224812E-02
   1396.2685    0.517900E-01  0.160890E-02   0.408624E+00    0.237142E-02
   1405.9468    0.518557E-01  0.133487E-02   0.410993E+00    0.248350E-02
   1415.6923    0.519408E-01  0.110125E-02   0.413373E+00    0.260125E-02
   1425.5052    0.520267E-01  0.907302E-03   0.415784E+00    0.272545E-02
   1435.3862    0.521133E-01  0.746511E-03   0.418226E+00    0.285650E-02
   1445.3357    0.522007E-01  0.613385E-03   0.420700E+00    0.299483E-02
   1455.3541    0.522888E-01  0.503314E-03   0.423205E+00    0.314089E-02
   1465.4420    0.523562E-01  0.376097E-03   0.425188E+00    0.327830E-02
   1475.5998    0.524181E-01  0.273314E-03   0.427038E+00    0.341782E-02
   1485.8281    0.524805E-01  0.198182E-03   0.428909E+00    0.356430E-02
   1496.1272    0.525434E-01  0.143383E-03   0.430802E+00    0.371814E-02
   1506.4977    0.526068E-01  0.103504E-03   0.432716E+00    0.387976E-02
   1516.9401    0.526708E-01  0.745481E-04   0.434652E+00    0.404960E-02
   1527.4548    0.525685E-01  0.564142E-04   0.436076E+00    0.421194E-02
   1538.0425    0.523482E-01  0.441976E-04   0.437136E+00    0.437012E-02
   1548.7036    0.521273E-01  0.345680E-04   0.438207E+00    0.453539E-02
   1559.4385    0.519058E-01  0.269904E-04   0.439287E+00    0.470812E-02
   1570.2479    0.516837E-01  0.210378E-04   0.440377E+00    0.488870E-02
   1581.1321    0.514611E-01  0.163697E-04   0.441478E+00    0.507753E-02
   1592.0919    0.512364E-01  0.135058E-04   0.441448E+00    0.525453E-02
   1603.1276    0.510091E-01  0.122292E-04   0.439639E+00    0.540594E-02
   1614.2397    0.507812E-01  0.110657E-04   0.437824E+00    0.556281E-02
   1625.4290    0.505528E-01  0.100059E-04   0.436005E+00    0.572536E-02
   1636.6957    0.503238E-01  0.904133E-05   0.434181E+00    0.589385E-02
   1648.0406    0.500943E-01  0.816399E-05   0.432351E+00    0.606851E-02
   1659.4641    0.498634E-01  0.750336E-05   0.428492E+00    0.621626E-02
   1670.9668    0.496289E-01  0.743784E-05   0.416425E+00    0.622910E-02
   1682.5492    0.493939E-01  0.737243E-05   0.404619E+00    0.624206E-02
   1694.2119    0.491584E-01  0.730716E-05   0.393068E+00    0.625513E-02
   1705.9555    0.489224E-01  0.724202E-05   0.381771E+00    0.626832E-02
   1717.7804    0.486859E-01  0.717701E-05   0.370724E+00    0.628163E-02
   1729.6873    0.484489E-01  0.711215E-05   0.359923E+00    0.629506E-02
   1741.6768    0.473304E-01  0.716805E-05   0.326242E+00    0.581048E-02
   1753.7493    0.462301E-01  0.722481E-05   0.295507E+00    0.536013E-02
   1765.9055    0.451480E-01  0.728241E-05   0.267484E+00    0.494192E-02
   1778.1460    0.440840E-01  0.734088E-05   0.241952E+00    0.455377E-02
   1790.4714    0.430379E-01  0.740023E-05   0.218704E+00    0.419373E-02
   1802.8822    0.420097E-01  0.746048E-05   0.197552E+00    0.385995E-02
   1815.3790    0.403921E-01  0.753509E-05   0.175847E+00    0.325865E-02
   1827.9624    0.386851E-01  0.761429E-05   0.155869E+00    0.269083E-02
   1840.6330    0.370391E-01  0.769489E-05   0.138045E+00    0.221901E-02
   1853.3915    0.354525E-01  0.777690E-05   0.122156E+00    0.182748E-02
   1866.2384    0.339236E-01  0.786037E-05   0.108004E+00    0.150300E-02
   1879.1744    0.324507E-01  0.794532E-05   0.954109E-01    0.123447E-02
   1892.2000    0.317783E-01  0.811929E-05   0.891808E-01    0.991089E-03
   1905.3159    0.315957E-01  0.835652E-05   0.864559E-01    0.783595E-03
   1918.5227    0.314130E-01  0.860239E-05   0.837962E-01    0.618533E-03
   1931.8211    0.312301E-01  0.885728E-05   0.812007E-01    0.487442E-03
   1945.2116    0.310470E-01  0.912157E-05   0.786684E-01    0.383500E-03
   1958.6950    0.308637E-01  0.939566E-05   0.761984E-01    0.301221E-03
   1972.2718    0.308473E-01  0.977800E-05   0.743700E-01    0.238792E-03
   1985.9428    0.310703E-01  0.103259E-04   0.733880E-01    0.191960E-03
   1999.7085    0.312965E-01  0.109087E-04   0.724123E-01    0.154080E-03
   2013.5696    0.315260E-01  0.115287E-04   0.714429E-01    0.123486E-03
   2027.5268    0.317587E-01  0.121886E-04   0.704799E-01    0.988153E-04
   2041.5807    0.319948E-01  0.128912E-04   0.695234E-01    0.789513E-04
   2055.7321    0.322332E-01  0.136668E-04   0.683520E-01    0.640406E-04
   2069.9815    0.324712E-01  0.145986E-04   0.664146E-01    0.550786E-04
   2084.3298    0.327126E-01  0.156010E-04   0.645193E-01    0.473213E-04
   2098.7774    0.329574E-01  0.166800E-04   0.626654E-01    0.406138E-04
   2113.3252    0.332058E-01  0.178419E-04   0.608526E-01    0.348202E-04
   2127.9739    0.334578E-01  0.190936E-04   0.590802E-01    0.298211E-04
   2142.7241    0.337118E-01  0.204383E-04   0.573595E-01    0.255601E-04
   2157.5765    0.338932E-01  0.216825E-04   0.561829E-01    0.237323E-04
   2172.5319    0.340768E-01  0.230118E-04   0.550224E-01    0.220238E-04
   2187.5910    0.342628E-01  0.244328E-04   0.538782E-01    0.204278E-04
   2202.7544    0.344510E-01  0.259522E-04   0.527500E-01    0.189376E-04
   2218.0230    0.346416E-01  0.275777E-04   0.516379E-01    0.175469E-04
   2233.3973    0.348346E-01  0.293174E-04   0.505418E-01    0.162497E-04
   2248.8783    0.346611E-01  0.307608E-04   0.497499E-01    0.157725E-04
   2264.4665    0.344105E-01  0.321943E-04   0.490250E-01    0.154599E-04
   2280.1628    0.341601E-01  0.337053E-04   0.483057E-01    0.151513E-04
   2295.9679    0.339098E-01  0.352985E-04   0.475921E-01    0.148469E-04
   2311.8826    0.336596E-01  0.369787E-04   0.468841E-01    0.145464E-04
   2327.9076    0.334096E-01  0.387515E-04   0.461820E-01    0.142501E-04
   2344.0436    0.318080E-01  0.402590E-04   0.454406E-01    0.142927E-04
   2360.2915    0.295442E-01  0.416167E-04   0.446802E-01    0.145361E-04
   2376.6520    0.274275E-01  0.430301E-04   0.439274E-01    0.147853E-04
   2393.1260    0.254493E-01  0.445018E-04   0.431821E-01    0.150406E-04
   2409.7141    0.236015E-01  0.460345E-04   0.424445E-01    0.153022E-04
   2426.4172    0.218765E-01  0.476312E-04   0.417146E-01    0.155701E-04
   2443.2361    0.190744E-01  0.489664E-04   0.411634E-01    0.160194E-04
   2460.1715    0.153575E-01  0.499132E-04   0.408361E-01    0.167215E-04
   2477.2244    0.123463E-01  0.508850E-04   0.405091E-01    0.174596E-04
   2494.3954    0.991055E-02  0.518828E-04   0.401826E-01    0.182356E-04
   2511.6855    0.794321E-02  0.529072E-04   0.398564E-01    0.190519E-04
   2529.0954    0.635664E-02  0.539591E-04   0.395306E-01    0.199108E-04
   2546.6260    0.498657E-02  0.548620E-04   0.392773E-01    0.208662E-04
   2564.2781    0.368406E-02  0.552182E-04   0.392514E-01    0.220458E-04
   2582.0526    0.271606E-02  0.555792E-04   0.392253E-01    0.233011E-04
   2599.9502    0.199818E-02  0.559451E-04   0.391991E-01    0.246372E-04
   2617.9720    0.146692E-02  0.563159E-04   0.391727E-01    0.260601E-04
   2636.1186    0.107460E-02  0.566918E-04   0.391461E-01    0.275759E-04
   2654.3911    0.787516E-03  0.570524E-04   0.391207E-01    0.291863E-04
   2672.7902    0.607808E-03  0.569842E-04   0.391233E-01    0.307917E-04
   2691.3168    0.468267E-03  0.569156E-04   0.391260E-01    0.324975E-04
   2709.9718    0.360111E-03  0.568465E-04   0.391286E-01    0.343106E-04
   2728.7562    0.276432E-03  0.567771E-04   0.391313E-01    0.362385E-04
   2747.6707    0.211808E-03  0.567073E-04   0.391340E-01    0.382892E-04
   2766.7164    0.161993E-03  0.566371E-04   0.391368E-01    0.404715E-04
   2785.8941    0.144073E-03  0.566108E-04   0.390379E-01    0.424067E-04
   2805.2047    0.131549E-03  0.565922E-04   0.389206E-01    0.443770E-04
   2824.6492    0.120038E-03  0.565734E-04   0.388028E-01    0.464535E-04
   2844.2284    0.109465E-03  0.565545E-04   0.386846E-01    0.486425E-04
   2863.9434    0.997595E-04  0.565355E-04   0.385660E-01    0.509510E-04
   2883.7950    0.908559E-04  0.565163E-04   0.384469E-01    0.533862E-04
   2903.7842    0.904125E-04  0.568923E-04   0.379989E-01    0.555063E-04
   2923.9120    0.943275E-04  0.574855E-04   0.373821E-01    0.574797E-04
   2944.1793    0.984410E-04  0.580891E-04   0.367711E-01    0.595376E-04
   2964.5871    0.102764E-03  0.587033E-04   0.361660E-01    0.616843E-04
   2985.1363    0.107309E-03  0.593283E-04   0.355668E-01    0.639240E-04
   3005.8280    0.112089E-03  0.599644E-04   0.349734E-01    0.662615E-04
   3026.6631    0.119554E-03  0.612047E-04   0.337281E-01    0.682305E-04
   3047.6426    0.130723E-03  0.632044E-04   0.317833E-01    0.697017E-04
   3068.7676    0.143024E-03  0.652840E-04   0.299383E-01    0.712152E-04
   3090.0389    0.156580E-03  0.674471E-04   0.281887E-01    0.727724E-04
   3111.4578    0.171528E-03  0.696977E-04   0.265303E-01    0.743748E-04
   3133.0250    0.188023E-03  0.720397E-04   0.249589E-01    0.760240E-04
   3154.7418    0.207477E-03  0.751284E-04   0.230076E-01    0.773620E-04
   3176.6091    0.232997E-03  0.803111E-04   0.200432E-01    0.777147E-04
   3198.6280    0.261866E-03  0.858910E-04   0.174440E-01    0.780715E-04
   3220.7995    0.294551E-03  0.919013E-04   0.151673E-01    0.784325E-04
   3243.1247    0.331585E-03  0.983784E-04   0.131750E-01    0.787976E-04
   3265.6046    0.373582E-03  0.105362E-03   0.114332E-01    0.791669E-04
   3288.2404    0.421665E-03  0.113099E-03   0.986883E-02    0.794931E-04
   3311.0331    0.482900E-03  0.124543E-03   0.801364E-02    0.791674E-04
   3333.9837    0.553547E-03  0.137237E-03   0.649780E-02    0.788408E-04
   3357.0934    0.635130E-03  0.151327E-03   0.526105E-02    0.785133E-04
   3380.3634    0.729432E-03  0.166975E-03   0.425346E-02    0.781850E-04
   3403.7946    0.838540E-03  0.184368E-03   0.343378E-02    0.778557E-04
   3427.3882    0.964900E-03  0.203713E-03   0.276795E-02    0.775256E-04
   3451.1454    0.111392E-02  0.227842E-03   0.222655E-02    0.774783E-04
   3475.0672    0.128767E-02  0.255458E-03   0.178818E-02    0.774725E-04
   3499.1549    0.149002E-02  0.286647E-03   0.143394E-02    0.774667E-04
   3523.4095    0.172591E-02  0.321902E-03   0.114812E-02    0.774608E-04
   3547.8323    0.200118E-02  0.361784E-03   0.917849E-03    0.774549E-04
   3572.4243    0.232274E-02  0.406935E-03   0.732627E-03    0.774489E-04
   3597.1868    0.268666E-02  0.459729E-03   0.614338E-03    0.782726E-04
   3622.1210    0.310405E-02  0.520699E-03   0.527216E-03    0.795159E-04
   3647.2280    0.358986E-02  0.590265E-03   0.451971E-03    0.807879E-04
   3672.5090    0.415591E-02  0.669706E-03   0.387051E-03    0.820892E-04
   3697.9652    0.481609E-02  0.760504E-03   0.331100E-03    0.834207E-04
   3723.5979    0.558685E-02  0.864375E-03   0.282931E-03    0.847833E-04
   3749.4083    0.645349E-02  0.982907E-03   0.255750E-03    0.873272E-04
   3775.3976    0.741959E-02  0.111820E-02   0.245780E-03    0.912636E-04
   3801.5670    0.853857E-02  0.127326E-02   0.236133E-03    0.954065E-04
   3827.9178    0.983588E-02  0.145113E-02   0.226802E-03    0.997683E-04
   3854.4513    0.113414E-01  0.165534E-02   0.217779E-03    0.104362E-03
   3881.1687    0.130903E-01  0.189001E-02   0.209056E-03    0.109201E-03
   3908.0713    0.150632E-01  0.215654E-02   0.204911E-03    0.115141E-03
   3935.1603    0.171762E-01  0.245321E-02   0.211743E-03    0.123703E-03
   3962.4372    0.196034E-01  0.279319E-02   0.218854E-03    0.132966E-03
   3989.9031    0.223941E-01  0.318315E-02   0.226255E-03    0.142995E-03
   4017.5594    0.256057E-01  0.363083E-02   0.233960E-03    0.153859E-03
   4045.4073    0.293051E-01  0.414527E-02   0.241984E-03    0.165631E-03
   4073.4484    0.335175E-01  0.473325E-02   0.250989E-03    0.178614E-03
   4101.6837    0.377639E-01  0.536728E-02   0.267295E-03    0.195121E-03
   4130.1148    0.425835E-01  0.609155E-02   0.284784E-03    0.213283E-03
   4158.7430    0.480583E-01  0.691961E-02   0.303551E-03    0.233281E-03
   4187.5696    0.542823E-01  0.786719E-02   0.323697E-03    0.255311E-03
   4216.5960    0.613642E-01  0.895249E-02   0.345335E-03    0.279597E-03
   4245.8237    0.694291E-01  0.101966E-01   0.368584E-03    0.306386E-03
   4275.2539    0.769271E-01  0.115113E-01   0.398361E-03    0.337268E-03
   4304.8881    0.850767E-01  0.129914E-01   0.431391E-03    0.371681E-03
   4334.7277    0.941552E-01  0.146741E-01   0.467416E-03    0.409882E-03
   4364.7742    0.104276E+00  0.165888E-01   0.506732E-03    0.452314E-03
   4395.0289    0.115566E+00  0.187692E-01   0.549663E-03    0.499481E-03
   4425.4934    0.128170E+00  0.212544E-01   0.596567E-03    0.551946E-03
   4456.1690    0.138944E+00  0.238670E-01   0.651196E-03    0.610110E-03
   4487.0572    0.149187E+00  0.267151E-01   0.712846E-03    0.674761E-03
   4518.1595    0.160265E+00  0.299265E-01   0.780822E-03    0.746783E-03
   4549.4775    0.172251E+00  0.335503E-01   0.855820E-03    0.827075E-03
   4581.0125    0.185225E+00  0.376427E-01   0.938618E-03    0.916648E-03
   4612.7661    0.199277E+00  0.422680E-01   0.103009E-02    0.101665E-02
   4644.7398    0.210348E+00  0.471028E-01   0.113268E-02    0.112664E-02
   4676.9351    0.217865E+00  0.520963E-01   0.124793E-02    0.124754E-02
   4709.3536    0.225705E+00  0.576593E-01   0.137584E-02    0.138239E-02
   4741.9968    0.233884E+00  0.638613E-01   0.151788E-02    0.153291E-02
   4774.8663    0.242420E+00  0.707805E-01   0.167572E-02    0.170103E-02
   4807.9636    0.251330E+00  0.785054E-01   0.185124E-02    0.188895E-02
   4841.2903    0.258598E+00  0.865470E-01   0.204586E-02    0.209626E-02
   4874.8481    0.261481E+00  0.940326E-01   0.226074E-02    0.232077E-02
   4908.6384    0.264416E+00  0.102224E+00   0.249993E-02    0.257114E-02
   4942.6630    0.267406E+00  0.111194E+00   0.276635E-02    0.285054E-02
   4976.9234    0.270450E+00  0.121022E+00   0.306331E-02    0.316257E-02
   5011.4213    0.273550E+00  0.131795E+00   0.339455E-02    0.351128E-02
   5046.1583    0.276436E+00  0.143156E+00   0.376268E-02    0.389888E-02
   5081.1361    0.277219E+00  0.151731E+00   0.415973E-02    0.431165E-02
   5116.3563    0.278009E+00  0.160884E+00   0.460188E-02    0.477145E-02
   5151.8207    0.278808E+00  0.170659E+00   0.509459E-02    0.528398E-02
   5187.5309    0.279614E+00  0.181102E+00   0.564404E-02    0.585572E-02
   5223.4886    0.280428E+00  0.192264E+00   0.625718E-02    0.649393E-02
   5259.6956    0.281250E+00  0.204197E+00   0.694189E-02    0.720688E-02
   5296.1535    0.281488E+00  0.211216E+00   0.766852E-02    0.795833E-02
   5332.8642    0.281674E+00  0.217998E+00   0.847323E-02    0.878965E-02
   5369.8293    0.281862E+00  0.225048E+00   0.936886E-02    0.971451E-02
   5407.0506    0.282052E+00  0.232377E+00   0.103664E-01    0.107441E-01
   5444.5299    0.282243E+00  0.239998E+00   0.114781E-01    0.118912E-01
   5482.2691    0.282435E+00  0.247925E+00   0.127181E-01    0.131699E-01
   5520.2698    0.282534E+00  0.252480E+00   0.140359E-01    0.145217E-01
   5558.5339    0.282597E+00  0.255716E+00   0.154726E-01    0.159914E-01
   5597.0633    0.282661E+00  0.259016E+00   0.170679E-01    0.176216E-01
   5635.8597    0.282725E+00  0.262382E+00   0.188405E-01    0.194311E-01
   5674.9250    0.282790E+00  0.265815E+00   0.208115E-01    0.214409E-01
   5714.2612    0.282855E+00  0.269318E+00   0.230045E-01    0.236747E-01
   5753.8700    0.282859E+00  0.271609E+00   0.253459E-01    0.260472E-01
   5793.7533    0.282807E+00  0.272773E+00   0.278449E-01    0.285657E-01
   5833.9131    0.282755E+00  0.273951E+00   0.306102E-01    0.313477E-01
   5874.3513    0.282703E+00  0.275141E+00   0.336722E-01    0.344228E-01
   5915.0697    0.282650E+00  0.276346E+00   0.370650E-01    0.378241E-01
   5956.0704    0.282597E+00  0.277563E+00   0.408269E-01    0.415887E-01
   5997.3554    0.282557E+00  0.278511E+00   0.448666E-01    0.456116E-01
   6038.9264    0.282546E+00  0.278892E+00   0.490409E-01    0.497319E-01
   6080.7857    0.282534E+00  0.279276E+00   0.536366E-01    0.542568E-01
   6122.9350    0.282522E+00  0.279663E+00   0.586994E-01    0.592292E-01
   6165.3766    0.282510E+00  0.280054E+00   0.642803E-01    0.646967E-01
   6208.1123    0.282498E+00  0.280447E+00   0.704362E-01    0.707120E-01
   6251.1443    0.282482E+00  0.280807E+00   0.771100E-01    0.772090E-01
   6294.4745    0.282441E+00  0.280928E+00   0.836307E-01    0.834839E-01
   6338.1051    0.282400E+00  0.281050E+00   0.907538E-01    0.903176E-01
   6382.0381    0.282358E+00  0.281172E+00   0.985394E-01    0.977640E-01
   6426.2756    0.282316E+00  0.281296E+00   0.107054E+00    0.105882E+00
   6470.8198    0.282273E+00  0.281420E+00   0.116371E+00    0.114739E+00
   6515.6727    0.282230E+00  0.281546E+00   0.126572E+00    0.124405E+00
   6560.8365    0.282161E+00  0.281589E+00   0.135776E+00    0.133038E+00
   6606.3134    0.282090E+00  0.281627E+00   0.145586E+00    0.142207E+00
   6652.1055    0.282018E+00  0.281666E+00   0.156181E+00    0.152079E+00
   6698.2151    0.281946E+00  0.281705E+00   0.167628E+00    0.162711E+00
   6744.6442    0.281873E+00  0.281744E+00   0.180002E+00    0.174168E+00
   6791.3952    0.281800E+00  0.281783E+00   0.193385E+00    0.186520E+00
   6838.4702    0.281719E+00  0.281806E+00   0.204869E+00    0.197085E+00
   6885.8715    0.281635E+00  0.281824E+00   0.216041E+00    0.207336E+00
   6933.6014    0.281551E+00  0.281841E+00   0.227905E+00    0.218197E+00
   6981.6621    0.281466E+00  0.281859E+00   0.240510E+00    0.229707E+00
   7030.0560    0.281380E+00  0.281877E+00   0.253906E+00    0.241911E+00
   7078.7853    0.281294E+00  0.281895E+00   0.268150E+00    0.254855E+00
   7127.8524    0.281187E+00  0.281903E+00   0.279974E+00    0.265649E+00
   7177.2596    0.281064E+00  0.281903E+00   0.289576E+00    0.274480E+00
   7227.0092    0.280939E+00  0.281903E+00   0.299578E+00    0.283669E+00
   7277.1037    0.280814E+00  0.281903E+00   0.309998E+00    0.293233E+00
   7327.5455    0.280688E+00  0.281903E+00   0.320857E+00    0.303189E+00
   7378.3369    0.280561E+00  0.281903E+00   0.332176E+00    0.313556E+00
   7429.4803    0.280421E+00  0.281903E+00   0.341705E+00    0.322379E+00
   7480.9783    0.280257E+00  0.281903E+00   0.347337E+00    0.327829E+00
   7532.8332    0.280092E+00  0.281903E+00   0.353102E+00    0.333409E+00
   7585.0475    0.279925E+00  0.281903E+00   0.359003E+00    0.339124E+00
   7637.6238    0.279758E+00  0.281903E+00   0.365045E+00    0.344978E+00
   7690.5645    0.279590E+00  0.281903E+00   0.371232E+00    0.350974E+00
   7743.8722    0.279417E+00  0.281903E+00   0.376834E+00    0.356478E+00
   7797.5493    0.279223E+00  0.281903E+00   0.378614E+00    0.358659E+00
   7851.5986    0.279028E+00  0.281903E+00   0.380415E+00    0.360869E+00
   7906.0225    0.278831E+00  0.281903E+00   0.382236E+00    0.363108E+00
   7960.8236    0.278634E+00  0.281903E+00   0.384080E+00    0.365377E+00
   8016.0046    0.278435E+00  0.281903E+00   0.385944E+00    0.367675E+00
   8071.5681    0.278235E+00  0.281903E+00   0.387831E+00    0.370005E+00
   8127.5167    0.277983E+00  0.281903E+00   0.387396E+00    0.370253E+00
   8183.8532    0.277728E+00  0.281903E+00   0.386867E+00    0.370421E+00
   8240.5801    0.277471E+00  0.281903E+00   0.386336E+00    0.370591E+00
   8297.7002    0.277213E+00  0.281903E+00   0.385801E+00    0.370762E+00
   8355.2163    0.276953E+00  0.281903E+00   0.385264E+00    0.370934E+00
   8413.1311    0.276691E+00  0.281903E+00   0.384723E+00    0.371107E+00
   8471.4472    0.276391E+00  0.281903E+00   0.383405E+00    0.370555E+00
   8530.1677    0.276076E+00  0.281903E+00   0.381847E+00    0.369779E+00
   8589.2951    0.275760E+00  0.281903E+00   0.380285E+00    0.368999E+00
   8648.8324    0.275442E+00  0.281903E+00   0.378718E+00    0.368215E+00
   8708.7824    0.275123E+00  0.281903E+00   0.377147E+00    0.367428E+00
   8769.1479    0.274801E+00  0.281903E+00   0.375572E+00    0.366637E+00
   8829.9318    0.274451E+00  0.281903E+00   0.373809E+00    0.365658E+00
   8891.1371    0.274079E+00  0.281903E+00   0.371906E+00    0.364537E+00
   8952.7666    0.273705E+00  0.281903E+00   0.369999E+00    0.363413E+00
   9014.8233    0.273329E+00  0.281903E+00   0.368089E+00    0.362284E+00
   9077.3102    0.272951E+00  0.281903E+00   0.366175E+00    0.361150E+00
   9140.2302    0.272571E+00  0.281903E+00   0.364258E+00    0.360013E+00
   9203.5863    0.272165E+00  0.281903E+00   0.362320E+00    0.358856E+00
   9267.3816    0.271717E+00  0.281903E+00   0.360349E+00    0.357672E+00
   9331.6191    0.271267E+00  0.281903E+00   0.358375E+00    0.356483E+00
   9396.3018    0.270814E+00  0.281903E+00   0.356399E+00    0.355290E+00
   9461.4329    0.270359E+00  0.281903E+00   0.354420E+00    0.354093E+00
   9527.0155    0.269902E+00  0.281903E+00   0.352438E+00    0.352892E+00
   9593.0527    0.269432E+00  0.281903E+00   0.350461E+00    0.351702E+00
   9659.5476    0.268910E+00  0.281903E+00   0.348519E+00    0.350577E+00
   9726.5034    0.268386E+00  0.281903E+00   0.346575E+00    0.349448E+00
   9793.9233    0.267860E+00  0.281903E+00   0.344627E+00    0.348315E+00
   9861.8105    0.267330E+00  0.281903E+00   0.342678E+00    0.347178E+00
   9930.1684    0.266799E+00  0.281903E+00   0.340725E+00    0.346037E+00
   9999.0000    0.266264E+00  0.281903E+00   0.338771E+00    0.344892E+00
